-0.021828448517222494
0.15707557088274188
0.22510160675340424
0.045481975370758744
-0.1909434171533735
0.1934542884354939
0.06384018699556714
0.09599299902181575
0.13740168210775433
-0.012769892124871783
0.04750517356087441
0.12661032231314615
-0.13611007750711507
0.19371828147043713
0.12434702825544276
-0.07296848643105135
0.018922011058793008
-0.11080911774113468
0.07337091840553837
-0.5385383348070076
-0.01335941133903395
-0.15182139981250753
-0.04294794098330601
0.08935980699593063
-0.04066282631136261
0.04876609084179424
0.09543839743820692
0.00025938158433840876
0.0704565094835528
-0.06319999204705508
-0.1199342354414779
-0.05189492328637215
0.055696284408147306
0.1553287104727063
0.20715620201326312
0.043183323433879955
0.015822421502399188
-0.06865675111616841
-0.05619144718830194
0.06692135066157798
0.012494714710038471
-0.1208831838542811
-0.12259378670063985
0.040638553596452416
0.07439740757325548
-0.1464239264271928
-0.03559159137250841
0.029305057786198317
-0.12298422994597383
-0.04579970505711136
-0.09870913413319866
0.1695712900888336
-0.3391310147040052
0.08617480120998904
-0.10776443515598906
0.031547583776130685
-0.03727369257786004
0.15966713839094784
0.1290752607170087
0.1046686726931678
-0.1704318569988766
-0.05083955610318979
-0.13657755418981163
0.060881138243485684
0.11582289691975366
0.18946330487104357
-0.15900355350901946
-0.08081634430879502
-0.0767493307298716
-0.07092450709256075
0.12174821150032995
0.12842470975683754
0.193691549270763
-0.09607811341250921
0.00024395803661948247
0.013255754187539723
0.02995201558851702
-0.003509707118803362
0.15969171705026317
-0.15659204831811663
-0.0014050253883949506
-0.08691487223151095
0.08023022230840536
0.019522748275775298
0.0625160015420749
0.07238765861731715
0.16056463562879308
0.014502572104189546
-0.03631630080949418
-0.025626443378225623
-0.05688396997016532
-0.3295915463896583
-0.022797730784366144
0.16525843726570458
0.017080871102384612
0.04635765840892515
0.057862871982745506
-0.012027108978808
-0.14792380327615812
-0.16413946330338897
0.07430973099309805
0.09937154496382102
0.07145811945167753
0.034079503002636964
0.09359257554051563
-0.12397377621304743
-0.07688865075572783
-0.04107336189402984
0.057773122408514524
-0.12642617518235988
-0.03747173431988896
0.04873769374727832
0.06434600736893575
-0.15139429114573813
-0.02022437688901342
0.021066055567219577
0.11449964460543317
-0.20797792837052848
0.006485087007893691
0.13459138221942524
0.09937215575364529
-0.03167910029000311
0.04811082664583213
-0.0545661515630858
-0.03537095384516577
-0.10833185067861019
-0.04786732375786828
0.010034739122317069
-0.18069791447685815
0.07243891735313923
0.1361122107510392
0.19252060250320638
0.017995247318224356
0.08630482030310622
0.14044271625693483
0.1138948773579297
0.03570374484593687
-0.005481494150407761
0.16311168188139893
0.04389621891012185
0.013712404770201034
-0.1380088859357648
-0.004623534853090671
0.015852153646573407
0.0478317294059208
0.059399537073782115
0.1388262334356505
0.07145528454702622
-0.08298327572588048
-0.11935816392230052
0.029938574633112593
0.01514345844484843
0.04938453053346257
0.05742127217888356
-0.09197512048132127
0.06158184976976252
0.041957557626575666
-0.08472600398509837
-0.11387257827261872
0.10127829486562037
-0.07502883891794611
-0.26003898316726043
0.09606498616801142
-0.030606561117771068
0.09141312661138841
-0.057126755053412324
0.138799641385595
-0.008013167070923638
0.0377312713399787
0.10691302460626877
-0.03696054092970268
0.0022936222903941015
-0.10625012431799008
-0.019284213808837568
0.01897713459557262
0.004029704293084134
0.04523754153643086
-0.13084444479372848
0.06948306731645185
0.03411846469172155
0.047283974642174105
-0.09512086357977291
-0.10054551423817958
0.16514136656090106
0.028371345961866974
0.054452074211435074
0.09390167901220775
0.01044702179552911
0.0864383974767809
0.0695034163915161
-0.12898554283946298
0.019815008274853427
0.053334088833375475
-0.04334259321258791
0.34055762020321234
-0.05204868734503424
-0.002163992285504365
-0.009910554469394003
0.1532120248747653
0.04915899954018438
-0.011509748694938737
-0.11213605613291633
0.02383121719287095
-0.1196100806138526
-0.028771839127744447
0.05078289030005128
-0.00016245786330742334
-0.4094399006430877
0.16017938126614806
0.024512664473175724
-0.06478553350059711
0.08274519177637886
0.02734771206463328
-0.17877450478876158
-0.20360221729958944
0.00798390960477448
-0.09725021396558396
-0.1504902704643576
0.048604856336226306
-0.1386876298056226
0.09056030860855967
0.13534133185602887
-0.010515516014869266
0.030040606244125384
0.01734644408808806
-0.06564459460363173
0.10317837511280999
-0.116028699158484
-0.052906082449162034
0.18847686430182184
-0.10308598545747617
-0.13933558832839443
0.10189808203671703
-0.08752197174870135
-0.04054664871507543
-0.06287270243352545
-0.026633072949580977
-0.383106407637355
-0.010055173534563594
-0.28620792615945406
0.07275176508792737
0.15683239851860709
-0.17436050477812906
-0.01182377231757283
0.08359145821347634
0.01236891096331177
-0.09266851961579525
-0.1497811871732826
0.03693667418042026
0.11969948609220776
0.14807523934487635
-0.17508609463570257
-0.1944758663794156
0.04116410958363138
-0.2145423167341236
-0.2098971316615049
-0.14975305525182553
-0.2414193611250359
-0.06888587072057899
0.03594920619877047
-0.00986322791808515
0.18984541831304297
-0.20582704107152575
-0.21380505080022066
-0.04900277073621333
-0.007443216920918766
0.004447266131152977
-0.07642804631946643
-0.004937482081836557
-0.15346163442985017
0.04712169970313683
0.09484750261680776
-0.06129394465192085
-0.14422295172961155
0.05384831089257397
0.0754650575170805
-0.014759131291608439
0.008689306562335764
0.20313334947912606
0.1469655278950675
-0.02370550630081813
-0.14107338658008806
-0.002688082369300423
0.06456133626829487
0.018612917037943252
-0.08150764445281274
0.014530758000503618
0.13833982582428567
0.18064128587398365
-0.18756752964708764
0.1728110818429769
0.06804797853140833
-0.015444350359136457
-0.07325828062897455
-0.03947732719687697
0.05521726890656361
0.07450055005154858
0.11289462323181451
0.08239933285187093
-0.1329682205862134
0.053771187829780895
0.033328273884338025
0.15386720839858106
0.09779268948315341
-0.318177374651108
-0.01686970483852221
-0.058783514519179174
0.1489033770640013
0.00048346360466617645
-0.034044268098039336
-0.019183452730537807
0.0033917568312564015
0.0630044968826678
-0.11677161033781885
0.07946923279258054
-0.11675021290557211
0.05015949626110561
0.017015741050496018
0.03649801429958397
0.10721143951793353
-0.008841905700960028
0.07093616262715706
0.25787757275550444
-0.12870678657780002
0.10050410363218698
-0.12083464132305351
-0.11910218673818845
0.021663207096231277
0.08988738555942521
-0.05589785388078581
0.15426706895042286
0.04564048648684966
-0.036921401495674216
-0.1447182604511014
-0.1317411447271958
0.09272371519506904
-0.04179399540209517
-0.002572058993158167
-0.5301764717842007
-0.06299839443622048
-0.4027985104941406
0.03453566830722286
-0.08049731326262778
0.0031461109115707864
0.048848897790680766
-0.2554873177996098
-0.01029064979714976
0.04395884385734849
-0.04378610123028016
-0.026509330626286833
0.0791173066066999
-0.032870029500764626
0.07354945075284654
-0.06383377428541925
-0.13887466263573492
0.013083662319312876
0.20906241927484187
-0.007073193269502568
-0.015069138589676836
0.0168018923815417
-0.036138252827073954
0.10555848477142273
0.14152121622196764
-0.11838224332674689
-0.2436070967487548
0.02379732610517065
0.0052550739198835555
-0.03006468874911942
-0.03849092313765114
0.03051698105197099
0.040860141820103425
0.12593793211420215
-0.079349378227059
0.06577083506410582
-0.2655550100226379
0.007552165871369818
0.01713994019563965
0.11435314850448784
0.04514300011812218
-0.1122567494459674
0.07168616825347089
0.09626458191504018
-0.11255388399393285
-0.14059956320628
-0.08944628927922893
-0.043600967905385715
-0.04129431936498133
0.059812238463738225
0.026324277840636873
0.009808850043275176
-0.09224334337320493
-0.19806012054232497
-0.033970511930243086
0.044634217107838874
-0.039688760900789384
0.17808647488573542
0.10851403398582457
0.02623855267475754
0.026759698479369383
0.12394371773689257
0.0058750259122011
-0.09137403805126587
0.06734079269404718
-0.012083723718043662
-0.042001823020519115
0.039583284760588346
0.004964216528321965
0.045278040247830796
-0.1633272435096153
0.13112960436822266
0.16794368064364898
0.0428498983732938
0.060038379260754234
-0.05439939829806321
0.009693222665470723
-0.19991683817839767
-0.13350210945695257
0.12374232912327561
0.052494860255826246
0.18736547235072953
-0.03199880264577924
-0.05332699225147124
0.03425362277271466
-0.08655644367899824
-0.178001216341475
-0.17932508766525898
-0.0547935524056082
0.027862720253408454
0.18574011391583406
-0.0338262459923033
0.06503646998051406
0.17062831301644388
0.09085770832669998
-0.07387040298013865
0.09706831761591705
-0.033322955003592655
0.031215638415342313
0.008287918230996285
0.10367649467617185
-0.21036299043912343
0.14633622512262437
0.0016991878829429319
-0.0025003193987834012
-0.058295155655021254
-0.20293609638148663
0.027550960328197642
0.0026728465045755146
0.14040469657515173
0.12886722137397813
0.06433271460852338
0.1248765038719893
-0.01845436708156218
0.03898601281983563
0.0309238974200831
0.07571965098078827
-0.18021356041328832
-0.1282694914541422
0.03187446659805266
0.0208013499964834
0.10072157041011646
0.0363574287374232
0.12173084915646816
0.011455332559975771
-0.19115424322068175
0.1135617663109922
-0.173698208749704
-0.1629543888695366
0.054858494438420655
0.0405768244816364
0.05358429278283012
0.05274645717883444
0.01358454725890726
0.013022932779765193
-0.037830340365519195
0.10240047581429484
-0.025739198068701223
-0.09852849404855173
0.04655662545161814
0.12055350131389404
0.021288428776593274
0.020095184506673275
0.03596660107758091
0.16205968233693208
0.03149789678441374
-0.45237698231902135
-0.018381537220873365
0.013107251039036467
-0.027711642726429203
-0.05717174422117132
-0.07638892861870751
-0.07575522703584572
0.03735591543795782
0.09678889987670401
-0.03842338135025612
-0.021671135464270137
0.12299923788990745
0.024709510060527358
0.07849197344812116
-0.10477010801950928
-0.2140850248619598
-0.7049641697008577
0.0443755835674115
-0.008843759834607797
0.07666874686572205
-0.02226187398383262
-0.13403897534471415
-0.037257082362027176
-0.019142136873921058
0.12106895223436291
-0.13200899837744717
0.0773834425111032
-0.1891807331361698
0.06613926026017819
-0.12082657146102094
0.023920451816723982
0.08118256567071992
-0.034521735776286075
-0.05864954812103816
-0.18831126116320873
0.05233009337447172
0.0454849253955057
-0.020240892822723643
0.16885011313428339
0.2076208886079121
0.015191557230831739
0.08088762133263601
-0.05310747912597088
-0.03373619587783768
-0.06182800260922776
-0.13856498676039203
-0.10038275372330686
0.10519190908185215
0.02979704603744586
-0.07034599005581114
-0.05142273776495508
-0.04415260246119872
0.17012589959830415
-0.12258184437129303
-0.0424466486181824
0.20587902993044502
-0.04508885916459692
0.020510199440978004
0.08874389343278559
0.051196566187847785
-0.22896000681354978
-0.08644795561248934
-0.0017105240658782644
-0.09687234192802223
0.031876905538424156
-0.0668406654138952
0.12783165771077357
-0.07675268425037367
0.02593679446211162
0.028132654268253503
0.010331332717379566
0.20808094373746588
-0.14218302938792218
0.14152967425388657
-0.05788169861474134
-0.13272743930213227
-0.1795632940733432
0.12758847819584465
0.13389428287079425
0.03918048556720006
0.034792442898384526
0.08081726837314844
-0.07898184931561576
0.127568252392728
-0.16880509296587642
0.072143203816207
0.14118026062426806
0.10312643751141741
-0.24787165995141397
-0.06768811356773276
0.10679596132941716
0.20135587257565507
-0.06437707567216797
0.10549335318942675
-0.19980254349585191
0.13144572338991173
-0.1318784115021857
0.008932844993809546
-0.11230343367369378
-0.01908481313684819
0.02889686040313283
0.1341003767571056
0.0965447244936125
0.16694986723391003
0.05132556558824256
0.015721963309689113
0.03997949492169161
-0.2831452762329791
-0.008774547174504597
-0.16370410458825033
-0.13251164149682135
0.14335762371106658
0.119431533325044
-0.1025334854668346
-0.012591912355091798
-0.16264653007906443
-0.08778966628283463
0.024901740110179663
0.11915557103581605
-0.04579239530853516
0.11930249513386657
0.10990466606239387
0.2459404124047594
0.04851087968424806
0.027821638587166665
-0.04374370511952906
0.15386842962130046
-0.051182722694395034
-0.07857760536268758
-0.1189964414373942
-0.034656479111258735
0.07614853593904435
-0.030531088323461623
0.022954616702661343
-0.046057790173489474
-0.20807459423980032
0.01755526221616021
0.1156235163545532
0.24219147627294196
0.004765663333925205
-0.18768401098996282
0.03174464198138299
-0.10209226672850912
0.028316073845964344
0.14972867136038764
0.12047417943059038
-0.06340375197417873
-0.10312816066097652
-0.024393973400088788
0.11361069623705995
-0.18493420228146845
0.08685929814158953
-0.0003734748970023096
0.1314137352058323
0.04004053802910567
0.02674326669686449
-0.20141106476506393
-0.08568716435646369
0.2438543613463765
0.002144298535491968
-0.13278240033467603
0.20138865869024702
0.23623235769723988
0.0942906248761136
-0.036600320013237424
0.01384882584838013
-0.06379664395934082
0.04609126407089243
0.02910093967356798
0.062206233381999355
-0.1302030028552752
0.1295511762121867
-0.0017858576257652591
-0.18188320758899135
-0.07352093614443549
0.2165582251622013
-0.0012964368955739238
0.07015656904097137
-0.2095862813557725
0.05917275057996662
-0.16831440382060875
-0.007693038545683933
0.0004100024854847926
0.11402595340879973
0.05374429277882819
-0.08482082189069097
-0.04197092242735865
-0.0482405962727221
-0.015141323167620546
-0.0366738021917364
-0.07256426077176369
0.08291507892065807
0.1017184333219235
0.08863084081192928
-0.13521487091814022
0.08211079274990529
0.03847027706857409
-0.08484873894362342
0.021701545152547144
0.15629031818312736
0.04677294370293499
0.06315815192099884
0.14683297434510895
0.19399912993573354
-0.10044756211975216
0.010917006691779061
-0.016637713245165643
-0.008510424653075018
-0.047158616041470806
-0.08501109398943628
0.10886038994057425
0.006940575933028667
0.19467597767752776
-0.08432649382666842
0.0825533785582868
-0.010230483942092678
0.19115315421574308
-0.3276074763439339
-0.06123906639177125
-0.08696726029441945
0.15121825139391148
0.05990751683712569
-0.08988921228105919
0.0881965084058522
-0.0668065792465292
-0.07627622662790852
-0.14752147943163335
0.15647228487469275
0.066940128092689
-0.02550259530109815
-0.13671203762496975
-0.0896918026794299
-0.023202920938301085
-0.04993148615262068
0.015386791273305842
-0.02752719560513809
0.11778032638354675
0.07244281297780521
-0.14377849061697354
-0.24161435813111803
0.12652891150415424
0.08729469612613437
-0.000448751460775906
0.19860753682044496
0.07161660300184257
-0.026375376972648863
0.08306791053643649
-0.060088889910656654
-0.1117672515403991
0.03345329609345804
-0.0772634241238682
0.12573062542847666
0.10782116715851527
0.11561291875654024
0.02662001550301412
0.014160490263926606
0.047902354183786126
-0.24227311874504923
0.08421681664419013
-0.056505224351401304
0.1202062152266298
-0.20241399368881466
-0.011180538090705494
-0.055972620351260695
-0.06791887940352584
-0.005598923315029666
-0.09417930627535517
-0.031126005199166508
0.07307486829111977
-0.010008472310892573
-0.023546038735746934
0.09173044375525767
-0.1267230057762597
0.04328992256597516
-0.00235726119981222
0.12244658703906068
0.015859233308484662
0.08517251381709375
-0.026182922317481677
0.10776419431740843
0.10288847638525728
0.008924276761547315
-0.00773452237054313
-0.040296155797492225
-0.0611109994216849
-0.041770320254295355
-0.022052334369991426
0.015353166645936915
0.05501460625394353
0.09418854947805956
-0.04706050795117143
-0.028885826960743058
0.05925966476723069
0.14001016496451857
0.089533411567523
-0.11452038044752731
-0.11485775781711556
0.07002835256006892
0.07053092736710082
-0.2100044585505923
0.08698819766059197
-0.04325792161680961
-0.16741731687786726
-0.07512943618468958
-0.0665117206179871
-0.04230841579380518
-0.05130966651306366
-0.24919628434997856
-0.1684231918750497
-0.030772910523255932
0.024504502342717387
0.1483675801184354
-0.01516491893355079
0.056446101289062946
-0.09993561860949574
-0.14915795786461086
-0.23397546752697135
0.09572535716987686
-0.0850540798310851
-0.006811262918401026
-0.08474664646605864
0.03527230496911273
0.04784567432674783
0.05096954486707299
0.0598165573007328
0.07359709071571326
-0.20239100202669974
-0.0970008607080462
-0.157346799899021
0.03637691957478165
-0.18948132528444153
0.1381689310411391
-0.0020734781322154
0.04353952426336663
-0.09648288053127008
0.1398524044716295
0.14351618355103463
0.13696977399303145
0.1468083370817745
0.02017893406446894
-0.058883312190597815
0.03337270036088363
0.07749655337355264
-0.1602200245570416
0.1122727200748866
-0.017418579059619972
0.17362021385239396
0.06877044867945939
-0.20959327124821342
0.010968646233823287
0.010960586811351225
-0.08890802032371509
0.019387220000310963
-0.12489545743634324
-0.022256738307013475
-0.07120901377116556
-0.00047249062643807925
-0.048225382275773214
0.036883150990363905
0.0398664506385839
-0.12956573067946675
-0.11895576471391868
0.10401476486264084
-0.12119509582512421
0.03368273699303892
-0.005285016289636126
-0.040833081168315376
-0.04173300360168609
0.044720191295823435
-0.2505265743844713
-0.06463596896879295
0.021012188896829674
-0.09782962532192492
0.12639092048861214
-0.008177471240032647
-0.22386095519909321
0.08729344024161977
-0.10308829718927175
0.16982311899473124
-0.023192445492758486
-0.09053027979703072
-0.253806129348087
0.0393059261213262
0.037533086760486466
-0.08317563868398883
0.15084261259164605
0.046936795250658976
0.12632780381485342
-0.05285613257572356
0.08132848653926864
-0.07614244525906468
-0.09735673022830531
-0.07882895930223661
0.09967861482389286
0.056876669118889785
0.13803021585035583
-0.29474152857516295
-0.08378445145124781
0.12468011369427569
-0.16264942115025816
-0.041833631649712814
-0.014533943920806832
0.09032399739533477
-0.09317268043983484
-0.02900576005695476
0.08401434247808275
0.06439589358231916
-0.1280814299220964
0.08639626913051605
0.05492151530563765
-0.018203023909871247
0.09896889253552303
0.002095609175174368
-0.04906644701714429
-0.062472943799531666
0.04453483760063172
-0.13509880941035454
-0.05715579620487616
0.06708893393579544
-0.05816852418459901
0.02296005438600801
0.13719191380268383
-0.34120423567787905
-0.10770393587232747
-0.08096678738686808
-0.030037733968808565
-0.07577812287191892
0.030725134856875655
-0.08459201865737491
0.0016617384062605992
-0.013334399808936153
0.1742956359374683
-0.17812457229955847
0.04741719145752557
0.1344968714121077
0.13516408109264982
-0.03354056676352708
0.06291054286080044
0.31123106746655665
-0.013819821018969133
-0.0359013126294102
0.012671238269400283
0.0076735058956813856
0.0015471642308773556
-0.14154616085862276
0.04680278043220943
-0.13059652015827494
-0.016234015259256267
-0.053858624119400074
0.07054695358806409
0.00825827833628741
-0.09244404418890476
-0.04817123386123733
-0.03651036474846039
0.09913847113956341
0.17681691535643962
0.22677736008735838
-0.09675898137946086
-0.01935696544901814
-0.08293171380982782
-0.025834004568536198
0.10488765522158004
0.04317413548306564
-0.043391786505038714
-0.0624061336957658
-0.030629065440720818
0.016276710916720845
0.06500823792698741
0.13121538401807448
0.10877198541883186
-0.15917015021337633
0.22045763010788572
-0.05254989470907575
-0.11828312745601292
0.10507836214425938
0.17872873753673502
-0.15905156651674413
-0.08525826065653942
0.141430357669303
-0.04507865270950493
0.14121500664776684
-0.19389768836118276
0.0593826994605342
-0.1157599689589731
-0.17688173955209485
0.12232809863547255
0.019579811000822595
0.040894704290761245
0.2285576684729843
-0.05196279164248604
0.03422352962425573
0.035761297604751864
0.12115008632644654
0.21065393420147915
-0.152663160066143
0.12013913682070759
0.0900512522622643
-0.04483699913995017
-0.12224269744255174
-0.02629713924426362
-0.08218995923589748
0.059621625210316144
-0.21047533727080608
-0.11396929641350748
-0.19645496529657244
-0.06474468675905594
-0.08856098763085779
0.046597523063497466
0.005572866338186365
0.09218267758403637
-0.16786967942179817
0.056295515545563814
0.06457342881569637
0.040127137678042775
-0.024574769333684097
0.067798772095319
